MSE: 2848523443.419101
RMSE: 53371.56024906056
MAE: 36569.64442787399
R2: 0.6286307301050608
